accuracy = [0.9745355844497681, 0.9823116660118103, 0.9832416772842407, 0.9839184880256653, 0.9843645691871643, 0.9846982359886169, 0.985096275806427, 0.9853743314743042, 0.9855997562408447, 0.9858907461166382, 0.9861435890197754, 0.9863487482070923, 0.9865323901176453, 0.9867311716079712, 0.9868440628051758, 0.9869135618209839, 0.9871890544891357, 0.9872948527336121, 0.987430989742279, 0.9875532984733582, 0.987719714641571, 0.9878250360488892, 0.9878966808319092, 0.9880399107933044, 0.9881368279457092, 0.9882534742355347, 0.988293468952179, 0.9883972406387329, 0.9884234070777893, 0.9885382652282715, 0.9886226058006287, 0.9886726140975952, 0.9887993335723877, 0.9887533187866211, 0.9888820052146912]

val_accuracy = [0.975383460521698, 0.9811212420463562, 0.9833515286445618, 0.9834858775138855, 0.9820582866668701, 0.9848096966743469, 0.9843482971191406, 0.983948826789856, 0.9851647615432739, 0.984907865524292, 0.9853078722953796, 0.9848179817199707, 0.9851153492927551, 0.9855519533157349, 0.9854831695556641, 0.9855490922927856, 0.9849523305892944, 0.9865074157714844, 0.9861932992935181, 0.9862459897994995, 0.986494243144989, 0.9868173599243164, 0.9866390824317932, 0.9861138463020325, 0.9862597584724426, 0.9869390726089478, 0.9867048263549805, 0.9870715737342834, 0.9870503544807434, 0.9864379167556763, 0.9873387217521667, 0.9866240620613098, 0.9862803220748901, 0.9871907830238342, 0.9872053861618042]

loss = [0.05618615448474884, 0.03452634811401367, 0.03206406906247139, 0.030251411721110344, 0.02913067303597927, 0.02822406403720379, 0.027250535786151886, 0.02655852399766445, 0.025985324755311012, 0.02528391405940056, 0.02463771589100361, 0.02414601668715477, 0.02368779107928276, 0.023218028247356415, 0.022954776883125305, 0.02276581898331642, 0.022085407748818398, 0.02183479629456997, 0.021481037139892578, 0.021212710067629814, 0.02081596478819847, 0.020570090040564537, 0.020391276106238365, 0.020073765888810158, 0.019805587828159332, 0.019558800384402275, 0.01943947933614254, 0.01921779289841652, 0.01914793811738491, 0.018855582922697067, 0.018644671887159348, 0.018555477261543274, 0.01823040284216404, 0.018370866775512695, 0.01804729364812374]

val_loss = [0.05364995822310448, 0.03974517807364464, 0.032277993857860565, 0.031931206583976746, 0.03586791083216667, 0.028085095807909966, 0.029712429270148277, 0.031010054051876068, 0.027902541682124138, 0.02852882631123066, 0.027154825627803802, 0.029159871861338615, 0.027791932225227356, 0.026613736525177956, 0.026871314272284508, 0.026818139478564262, 0.02932954952120781, 0.02421724610030651, 0.02486628107726574, 0.024762772023677826, 0.024209119379520416, 0.023530850186944008, 0.023780440911650658, 0.02544589713215828, 0.026079686358571053, 0.023093683645129204, 0.024053936824202538, 0.023236745968461037, 0.02305474318563938, 0.024794843047857285, 0.022578440606594086, 0.024175751954317093, 0.025590604171156883, 0.023211942985653877, 0.0230218768119812]