accuracy = [0.9375068545341492, 0.9545132517814636, 0.9589671492576599, 0.962105393409729, 0.9639365077018738, 0.9663705229759216, 0.9682279229164124, 0.9706368446350098, 0.9718085527420044, 0.9732385277748108, 0.9746452569961548, 0.9757816791534424, 0.9769255518913269, 0.977836012840271, 0.9786671996116638, 0.9795439839363098, 0.9803522229194641, 0.9805605411529541, 0.9809672832489014, 0.9810174703598022, 0.9819962978363037, 0.9829313158988953, 0.9833601713180542, 0.983333945274353]

val_accuracy = [0.9495750069618225, 0.9370458722114563, 0.9503772258758545, 0.9554829001426697, 0.9517238140106201, 0.9489331245422363, 0.9666648507118225, 0.9571226835250854, 0.968526303768158, 0.9690245389938354, 0.9703357219696045, 0.9678668975830078, 0.9703497886657715, 0.9622551798820496, 0.9735974669456482, 0.9707726240158081, 0.9735490083694458, 0.9707454442977905, 0.9759612083435059, 0.9772873520851135, 0.9737356305122375, 0.9761229753494263, 0.9730575084686279, 0.9742875695228577]

loss = [0.18540281057357788, 0.120542511343956, 0.10759958624839783, 0.0988149344921112, 0.09333203732967377, 0.08734853565692902, 0.08050032705068588, 0.0734502524137497, 0.06948661059141159, 0.06519658118486404, 0.061297059059143066, 0.0585339330136776, 0.054866887629032135, 0.052651580423116684, 0.05039449781179428, 0.04814048111438751, 0.04610263556241989, 0.045489370822906494, 0.044813480228185654, 0.04454752057790756, 0.04225977882742882, 0.03965051472187042, 0.03868448734283447, 0.03863716498017311]

val_loss = [0.3530265688896179, 0.2576216459274292, 0.16470694541931152, 0.12200358510017395, 0.13023589551448822, 0.12317433953285217, 0.08873624354600906, 0.10733041167259216, 0.08136839419603348, 0.07766436785459518, 0.07762908935546875, 0.08188733458518982, 0.07993875443935394, 0.09878706932067871, 0.0651022270321846, 0.07907353341579437, 0.07301703095436096, 0.07583822309970856, 0.05897950008511543, 0.05437994748353958, 0.06750155985355377, 0.06342566013336182, 0.08048401772975922, 0.06532271951436996]