accuracy = [0.8624483942985535, 0.9276447296142578, 0.9585993885993958, 0.963447630405426, 0.96659255027771, 0.9685389399528503, 0.9698321223258972, 0.9706642627716064, 0.9711809158325195, 0.9722005724906921, 0.973075807094574, 0.9738006591796875, 0.9744139313697815, 0.9749687910079956, 0.9753474593162537, 0.9757522344589233, 0.9758982062339783, 0.976144015789032, 0.9764415621757507, 0.9764018058776855, 0.9766110777854919, 0.9766954779624939, 0.9768633246421814, 0.9770715236663818, 0.9772068858146667, 0.9773809313774109, 0.9774558544158936, 0.9774866700172424, 0.9775111079216003, 0.977651834487915, 0.9777843356132507, 0.9779528379440308, 0.9779354929924011, 0.9780722260475159, 0.978114664554596, 0.9781756401062012, 0.9782595634460449, 0.978245198726654, 0.9784867167472839, 0.978586733341217, 0.9785799980163574, 0.9784442186355591, 0.9785845279693604, 0.9787905812263489, 0.9787704348564148]

val_accuracy = [0.9033040404319763, 0.9582061171531677, 0.9639750719070435, 0.9690335392951965, 0.9703746438026428, 0.971173882484436, 0.9730220437049866, 0.9732484817504883, 0.9737650752067566, 0.9732299447059631, 0.9742856621742249, 0.9738969802856445, 0.9735953211784363, 0.9753153324127197, 0.97531658411026, 0.975702166557312, 0.9761175513267517, 0.9758684039115906, 0.9760215282440186, 0.9760842323303223, 0.9760602712631226, 0.9764654040336609, 0.9764150381088257, 0.9763031601905823, 0.9761993885040283, 0.9764096140861511, 0.9767597913742065, 0.9767829179763794, 0.9767457842826843, 0.9767659902572632, 0.9766855835914612, 0.9768410325050354, 0.9768964052200317, 0.9766570925712585, 0.9770182967185974, 0.9771189093589783, 0.9766079187393188, 0.9765704274177551, 0.9772191047668457, 0.97696852684021, 0.9772230386734009, 0.9761583805084229, 0.9768166542053223, 0.9770113825798035, 0.9765920639038086]

loss = [1.214371681213379, 0.11553259193897247, 0.09888564795255661, 0.09006515890359879, 0.08071015775203705, 0.07212881743907928, 0.06650266796350479, 0.06229253485798836, 0.0591953881084919, 0.055352360010147095, 0.05216561630368233, 0.049241118133068085, 0.04663235694169998, 0.044337257742881775, 0.0425654873251915, 0.04090152680873871, 0.03988857567310333, 0.03858752176165581, 0.03741832077503204, 0.037094298750162125, 0.03622438386082649, 0.035695768892765045, 0.03501543030142784, 0.03427748754620552, 0.033670879900455475, 0.032989174127578735, 0.0326615534722805, 0.03250709921121597, 0.03222408890724182, 0.03175733983516693, 0.03128146380186081, 0.030782116577029228, 0.030789155513048172, 0.03035917691886425, 0.030146827921271324, 0.0299078319221735, 0.02966943383216858, 0.02968422695994377, 0.029033636674284935, 0.02868523821234703, 0.0286670234054327, 0.029007574543356895, 0.02857978455722332, 0.028007565066218376, 0.028001215308904648]

val_loss = [0.52387934923172, 0.15872472524642944, 0.1375240981578827, 0.10832636803388596, 0.10305217653512955, 0.09806810319423676, 0.06927405297756195, 0.0665941908955574, 0.06104087084531784, 0.06385874003171921, 0.0537317655980587, 0.05105404555797577, 0.05167349427938461, 0.04336238652467728, 0.042335886508226395, 0.04022521153092384, 0.038743145763874054, 0.0385211817920208, 0.037815675139427185, 0.037187378853559494, 0.036859091371297836, 0.035418104380369186, 0.03548859432339668, 0.03571314364671707, 0.03537478297948837, 0.035185232758522034, 0.03374886140227318, 0.03377534821629524, 0.03388466313481331, 0.03371632471680641, 0.03389668092131615, 0.03378812223672867, 0.033070120960474014, 0.033702168613672256, 0.03270075470209122, 0.032552339136600494, 0.0339648611843586, 0.03355957940220833, 0.032468631863594055, 0.03240641951560974, 0.032122235745191574, 0.034653738141059875, 0.03264684975147247, 0.032506853342056274, 0.033397331833839417]